154607
172556
191857
120949
218310
16528
213179
229564
111808
61746
147881
40188
65155
66448
18830
31848
167021
175800
236777
73540
93071
44652
53554
19290
145888
40648
185968
226038
222269
238374
27804
239806
18862
219661
105755
237171
99119
181864
74667
210926
243609
222547
251114
171694
151925
14944
203541
63947
53674
185319
417
146744
92901
53970
28964
238788
212548
77862
72758
42748
61236
100561
27554
198027
65222
251239
43130
27271
178103
117796
238197
29644
203273
97242
201337
100198
230115
12810
164144
28789
198128
27492
38463
153959
81461
67426
137747
156939
145287
73435
199686
69453
173996
90171
12481
102148
204340
55610
129419
245373
36336
230546
137947
239608
190718
202215
84806
165833
215024
111881
57552
21083
139372
213944
175041
83763
26370
175718
240702
34587
249153
48319
221969
168149
1420
97380
133227
205759
15920
7646
59064
52255
101122
197010
36863
36840
144225
239599
65603
222179
96480
123154
243261
98782
82098
26233
182544
226397
201951
31177
123914
59035
197426
208814
90114
198845
51194
223340
12536
67114
93917
71599
237298
195038
131539
137092
231878
20765
121691
42481
105874
81101
28566
212066
42813
228593
238298
225356
62922
48180
119464
49766
107214
61890
3580
60258
5735
54774
28599
18270
239817
122515
207798
85046
180483
84338
222137
20292
223032
206758
62773
73906
150789
209268
148902
193601
45792
132201
26889
108713
43311
146352
158479
13456
208241
24989
73713
76906
197692
102311
213106
45440
87756
165904
130486
13240
250241
215553
33531
81204
167312
214233
155110
63101
31432
49012
119633
77224
44143
146521
48867
205384
155803
70276
218839
226974
95265
155482
48880
37957
2794
124916
83397
208479
35821
76813
84649
148992
37366
118180
93127
67608
195343
248236
248639
226775
160178
113272
166929
67252
122723
215795
135566
23526
149002
99405
250499
244266
254886
162309
145153
120610
32226
91480
74090
185976
168292
21669
197898
205658
139848
36025
136196
198122
147191
129835
32828
170300
243106
62687
237551
110829
23482
118117
134354
172483
80452
247783
24680
198268
155093
169833
63879
50249
124243
899
236224
37536
22567
42053
106124
25346
78078
242319
86398
225268
117155
119225
140568
223191
181911
241049
79021
68323
222096
76305
103737
165478
187019
246346
108747
87112
161179
35556
291
30423
154384
99445
185888
176950
141497
154942
65226
219574
142261
151623
52774
122346
133778
193341
90538
60689
42322
32489
246942
127348
108793
213609
155757
40812
204955
9504
245853
229065
162989
109074
122418
62373
208518
53306
239322
95016
208247
167479
59590
213438
64102
112363
80785
197880
168635
34253
121499
73887
66741
231371
201234
38464
189980
101991
197206
139936
229424
188059
114001
137413
160064
236418
199785
113582
152654
47039
208597
223831
214517
13188
182269
141549
243480
125984
202359
20046
160236
68859
93932
89907
45230
158097
128371
235210
5088
70577
238076
97443
121566
97077
97786
26630
196425
160502
140212
94079
70471
211739
62910
29988
87857
108109
34467
76338
97024
236826
96383
120190
168615
190315
210097
213844
93412
83468
56985
216429
16975
40061
176802
138540
68
19589
28101
196492
43021
31243
153501
113491
242981
216410
6409
75839
187450
40875
15107
29474
22701
111489
149663
191315
164734
104760
13091
121076
51158
188005
200436
186062
228066
240168
69603
91064
122687
215633
150487
165707
246875
48988
24198
234856
128329
30606
173625
60779
71481
188731
90252
212111
163151
102845
11358
190815
207605
142378
56892
121693
75383
120258
52756
166379
105426
240288
2444
228113
200921
152930
1751
192796
64848
25949
35583
193176
56554
209208
253954
245964
142939
207136
66007
51090
54982
195294
241905
7587
82672
161727
247209
158054
144915
44965
69434
113271
148183
189807
204314
94104
205667
206065
149830
15515
232013
185413
208691
151497
139621
207645
5393
145490
159782
71399
59511
214763
11693
164346
85280
212294
71073
195419
115348
78918
240384
47712
192188
133567
237518
141503
90602
51116
92568
240431
66631
187511
170844
20322
201938
173395
90897
207330
63886
113609
141659
241326
73372
16282
150672
21582
228575
221744
217001
206854
163592
65316
254565
100780
61813
100015
105213
152414
151130
60711
137846
80691
248221
171620
101012
58091
207946
54840
10421
134762
168448
15011
121088
104751
149222
16760
126332
122798
101434
206263
192582
10026
16579
55078
110805
196322
155092
78949
93736
169153
139659
94512
249843
250811
11133
213786
53902
82009
13626
182252
216770
182073
60193
82858
31824
209415
99617
21087
77213
201050
227349
132725
211075
106859
187802
184810
48181
87895
126689
4847
119978
11349
99359
232751
125090
228421
191537
41922
55430
68093
87104
17200
250166
147297
100057
144920
101712
62604
166006
41855
8654
1287
174579
82659
226075
107381
130399
137186
58206
2089
142032
41114
131367
104321
18866
1457
195672
73333
161308
251101
141426
248411
131231
136592
140708
94218
144442
105350
19752
173379
147204
28405
37596
66783
228993
8671
37095
104393
8787
95300
106481
13749
254344
100778
118070
18210
102234
176672
91542
126472
35705
232967
119883
166935
232489
123522
124084
121932
228871
143835
158241
121076
35171
195836
50789
127094
67437
205813
231486
76223
164044
200897
207901
163388
46675
70971
181597
11839
110574
136069
138310
146278
114037
121124
176143
209456
244645
45227
76388
81447
51993
97559
202522
87163
38395
116242
214256
105831
67055
53674
44984
231098
117501
252885
2417
164176
186786
184013
38945
42360
65083
40186
188637
42050
161309
109781
251505
13885
17938
190824
95331
69930
33383
160784
20023
71778
139956
97210
40539
69941
150883
203453
163970
131314
201338
166386
40490
251054
213330
197365
38415
141343
100481
89982
183392
6790
62693
42828
138604
80631
233651
96865
13491
129965
2649
33514
64673
5535
248653
105211
75476
7467
53664
239445
138780
117932
13762
42201
113987
227091
239565
15332
113434
85046
105313
41826
209765
168006
84654
211299
248636
181235
53164
125057
56200
173743
158570
120872
179277
152223
89014
117683
159689
5608
220058
161400
241470
233820
203600
100457
205911
51096
233718
182276
136141
84031
87032
208836
114967
34616
165135
226533
215851
81229
96591
134981
254971
161
118784
42180
15315
207797
22793
37934
76335
242851
199333
62805
84602
147933
26192
153443
199028
4910
80719
198099
206871
167751
14866
66838
202366
42931
38372
163217
124160
134962
161129
242061
253052
24913
147171
131297
232709
169964
169231
171974
20746
231494
234779
223277
242358
5971
121720
49317
128811
202439
110347
80682
233120
125212
147519
180486
31074
48821
206634
155233
46713
112763
5225
44766
606
152396
176062
233314
185290
208223
13219
68966
47649
247997
37243
35007
116899
158962
202253
108640
224331
57600
189321
202451
45743
199770
127938
76816
248591
197502
94979
158234
173195
100203
202999
173800
115529
241992
15045
45819
58146
28263
232714
223724
21261
14957
3731
1090
36850
68915
109729
6181
126514
44050
71563
172256
106750
62431
112002
218271
4933
206980
121506
178127
52184
187435
214857
30643
37358
229901
76462
95504
3164
172106
64228
142354
49994
185889
143443
86843
254803
253171
210953
244247
160151
27516
24435
129832
89946
136436
93103
212808
206347
77539
253865
3531
9975
213722
34173
47332
188623
228564
5766
191787
8602
187924
79141
58595
236743
222584
145437
236546
83686
101390
88724
106768
246836
113158
236599
199712
112525
192632
157521
63872
15172
156386
185332
143076
115109
82435
53338
48732
56000
177034
103449
64601
109958
45521
241125
91701
131035
131562
191177
214720
95882
24901
184418
87718
990
28948
32431
113514
221580
52882
40316
99682
209267
225647
242757
187306
53082
159025
98969
227011
81059
202417
154542
191016
110868
140667
145647
241902
17229
81824
64554
231041
224655
248971
181689
88575
22920
77050
65019
244499
129931
105334
207111
202129
75981
194868
134435
129062
98893
96334
101074
42883
161682
118546
233898
17550
4214
124546
4453
139372
69300
69006
115413
156885
62977
160033
245459
203826
237082
55478
56256
112014
160811
8367
177073
99722
66165
174438
228784
165058
15773
192788
207940
177454
174264
49769
195003
178477
37245
62386
62850
224475
131391
41193
244290
57299
64156
234750
6125
46239
153158
62381
21183
176900
188677
198255
21622
254842
117693
113336
164900
133465
169054
235770
173849
88319
148469
231783
129726
48645
39169
55506
18120
33491
214629
7410
90789
23785
105090
214843
70023
121179
140154
209135
161009
73832
152390
45561
73674
133014
21828
101504
129409
53812
200204
48259
5061
211603
25042
134787
5248
182140
53223
141297
215630
12852
11638
169349
36637
234657
129193
224589
100836
132277
178725
6845
69039
194045
170336
142712
72059
192163
107146
201468
245974
52350
112657
251035
126884
137698
248752
132131
64838
46975
18429
143399
59827
147996
57748
214393
127653
49871
46913
228489
182148
225637
98264
251186
27614
131530
1830
99672
68693
108975
164070
177598
24256
21727
36564
14070
22355
30316
146200
87193
195220
27559
230591
117977
175554
151269
77370
166138
201140
242213
2558
128288
212850
100821
242404
240463
232351
107164
203066
163974
216139
112136
86572
103325
251793
123135
117394
19148
16381
126524
224270
211601
17014
62792
74578
55498
214061
14879
221635
160201
2092
224192
151419
77872
187944
138823
181266
28226
245987
247262
192199
70057
222328
141702
36312
219121
127767
16636
238269
144148
143159
207539
218679
23103
15332
156187
196531
92323
33996
163166
252523
36087
250289
148942
231889
46164
32765
21086
74389
141682
13348
129518
211738
235675
134150
110980
199797
6918
127615
45997
13996
133705
116466
232674
156807
249727
251791
216268
87050
30788
124435
84573
184804
237654
96445
161693
28818
247140
182778
221136
133822
59056
95654
208491
39732
229804
64471
239528
99652
55017
148455
113647
188721
9921
209251
208458
4649
68973
169727
91698
99760
157092
39202
29565
139746
135646
54188
31494
127786
99897
252629
6609
158952
211213
78030
198683
186017
142500
46142
148599
197516
57527
125176
249167
67448
197357
202626
72096
11331
117353
26724
111090
137375
65925
3585
22121
201571
175703
53614
192287
20600
169173
61826
42482
125386
139855
104096
174334
145286
13168
67933
87802
70695
193109
199900
138142
135466
147526
73168
9727
127809
99891
238747
10184
165816
242331
150234
230317
25965
66778
167604
46564
235950
229430
206976
106336
232215
56072
25670
122501
69239
211533
73234
139933
149642
18134
23075
148038
165659
96242
20696
156398
59064
4443
29512
87810
109704
179745
63127
135669
246522
93661
45163
90403
186021
252138
59669
26168
53210
85339
148668
240379
159802
221901
125312
172374
240034
11318
65412
13624
225489
86107
32952
29553
208479
62463
235292
63184
242207
161349
198852
96660
117941
244014
49993
48962
104084
109662
193059
20224
57931
86728
5603
217732
171559
248845
135106
19525
5163
63448
33148
93582
149555
66100
241065
220964
128562
221357
29148
233700
127707
227999
193290
245647
79945
243283
157539
46959
97945
95599
67182
155875
45257
72785
118607
216815
184560
253712
236339
52653
62160
132418
146234
74645
198517
132299
40610
190009
216587
69757
31640
89294
160687
224930
197871
103562
213213
100410
150520
56158
58939
80632
212032
104195
16347
193569
183941
200906
192281
165280
253558
117371
160628
144793
192016
222075
140022
95556
157085
101609
28243
188724
53833
188929
21585
251703
155421
234797
215044
168871
153885
136913
249503
110917
241108
10850
167416
32980
74687
222627
61190
73245
84999
221818
80968
139945
188893
83921
235500
90978
48460
8743
142633
102293
60603
164217
216926
78954
6946
39901
247825
160830
176814
105259
134678
25853
116108
47094
58832
190794
14722
120021
126970
217650
86839
207937
102595
20733
154788
201025
229640
203248
72698
235203
168471
133300
7352
130397
75185
14297
170298
68010
175126
210042
173268
54804
235894
152306
219828
39726
206031
97480
159746
78001
60130
109516
148868
162724
130248
48657
108749
222818
114835
181446
203022
28306
177677
210373
21633
252861
224669
54861
183801
7726
9903
102069
180460
245796
117305
145288
148452
68336
242767
53199
146336
165827
25645
158135
73551
155892
69722
45230
123710
184556
89606
189662
212861
12283
145035
234493
128074
232634
34355
174805
240360
44257
21874
28751
152984
2110
174038
46436
70445
24736
217564
79712
190562
243208
237846
127043
7031
170498
172272
248671
100054
6878
183333
175845
137091
191299
18269
128095
168933
52623
47901
17224
214810
187704
45974
230724
189813
82942
140090
5259
107677
102655
202900
161169
208793
48677
33212
78755
219174
68414
72426
182158
193222
118689
103003
193243
54988
121271
66338
86852
36825
232168
104075
251634
164873
150049
90289
217616
95921
230378
85805
203598
78033
33705
227697
149757
82381
5910
228511
164485
192253
45937
91643
130475
164625
194645
68718
82544
60917
252986
169395
97741
230154
136400
212305
140027
31449
47594
220574
245300
22972
51379
193898
218935
85084
29526
113692
30395
35435
87203
194880
90619
251069
31523
221093
23625
226168
34812
106168
150015
150728
138493
247755
125882
19894
67991
128840
169272
115584
94414
159572
1486
145792
216400
220420
93806
245926
79112
124201
144291
29245
64081
234909
143244
95603
201003
166869
184701
98745
135967
79716
249472
19461
190401
120354
39354
3392
112124
208625
236905
206537
231128
238391
97330
192528
66742
54066
183454
8785
178266
72746
155959
105277
52655
44204
200880
116588
74003
248511
215332
209969
191158
72735
229429
126559
56020
131713
247881
168143
203269
92717
119681
179397
194038
79941
116925
5781
134006
163310
14565
175203
236055
170523
25480
151640
77657
89290
13229
151659
82802
91491
106629
18960
164226
198988
8449
220245
75702
1330
251318
141901
94047
115999
66298
33085
58870
46153
156795
55807
209462
171359
231009
53448
204813
1489
205088
27470
90779
218316
179129
173580
54807
148688
55470
219032
92676
63918
47208
31308
183178
43527
173208
140155
22456
102436
36170
81326
11520
192965
137132
220981
227254
231071
19430
177067
232559
224517
67468
68338
50764
109527
104848
105570
3215
23248
187533
213820
87166
97671
108059
133274
141197
26267
18429
26584
246633
54598
225839
3153
247562
107971
224133
82748
84042
106493
122745
179531
193940
190212
110800
244703
162669
78578
213204
28814
101826
145737
242634
51922
106338
95693
185195
110466
239889
203623
137049
231522
3221
107888
234674
113714
78789
66739
196461
25761
36162
64206
205291
230102
117349
61091
82736
25018
2600
40940
53832
104425
49607
159396
156346
18876
118019
86541
129341
102908
153094
11390
197361
19245
119277
39966
132958
198065
224634
192349
86756
5797
119486
37047
98829
99765
216068
44495
242712
218667
203365
159474
186022
252971
63870
87368
16847
44819
36839
9118
147727
189932
20507
208018
209176
2714
247983
87135
200778
80549
142414
32534
204275
124830
187511
48104
224594
11510
92598
212307
230176
40963
116781
161198
156865
43582
111496
36642
88400
148334
45760
99057
83266
184196
52075
37442
186910
162989
242506
250618
106468
247851
146083
55743
117681
78594
103846
87276
90103
59374
162513
183209
218267
24294
207337
238062
185805
63833
137634
19206
212166
46324
236192
158362
230520
151198
195803
162430
177117
46241
158048
28585
39092
49131
84327
156772
245654
51103
106978
80757
228406
14491
126896
54604
156715
79233
37666
205450
5996
38231
87586
81092
84554
68779
239453
60074
219976
43188
222503
5024
89428
243482
33608
128519
37613
235864
148221
28268
149897
200
226954
123303
132620
98851
177907
152265
41014
78503
102716
47010
116733
190301
246031
201287
122010
230485
124291
86986
18673
91795
92009
226030
198207
243546
217479
235819
224410
110700
127017
237237
228829
216902
105541
224380
178683
146378
121645
219696
87811
87291
129636
67475
140523
120668
13762
7533
214083
983
212449
95686
210707
167388
66716
153914
155935
147125
134734
243275
2825
124681
225513
94585
86583
193984
181895
10266
85362
166470
92893
36103
253761
222528
103577
139284
206126
235268
9747
165209
236251
222195
123825
191958
134584
190540
90873
153449
82665
88537
4655
203420
213217
230167
160935
162731
169151
87830
35927
117443
254299
128819
153546
115991
214278
120053
118205
165404
100322
127952
193544
81573
213077
62369
18531
92661
115840
227333
109040
198504
178800
113695
9855
137018
88862
33720
162679
120944
121549
198605
101317
238779
72425
117793
217700
149633
237846
80906
60037
83168
71788
116511
27671
29865
178880
164131
240456
39720
136465
94496
101154
60265
208190
228939
60213
159983
7659
85822
143857
247138
29428
108104
93848
219782
88828
56548
114415
71674
384
37382
17772
72171
153893
45442
102036
195703
209572
205422
235422
208967
44918
199506
132163
116039
36376
55306
138952
44035
141128
145739
154103
33486
253842
247950
253267
87670
167428
230612
22274
167812
12994
40045
239982
29817
203416
204948
225519
20920
18301
68872
229886
181149
13379
224979
42188
49754
25286
44070
211718
166413
189808
228751
199898
51581
221701
61096
2182
252060
154638
142385
164872
167631
182430
12785
60379
248776
80664
30898
14696
98964
99770
107513
25113
231078
195422
185230
143762
220707
92230
100481
250050
27038
74232
57879
196549
158864
236904
61661
18855
136542
204045
183726
167104
249405
59441
227482
243182
3035
3380
120808
219929
221079
91251
245041
197157
31674
38203
85920
252380
130432
49331
247431
20401
241492
168240
79880
8287
150145
141540
27141
31687
90585
73797
198790
84991
133238
34203
191103
254202
155513
56911
219131
239522
148162
72104
181680
179835
110306
130530
40146
103668
42791
150507
124068
29283
63748
66878
37570
76823
208417
64710
108509
161933
138507
170230
109854
134675
67363
45957
251807
222875
220797
215939
207398
231889
33043
252008
19655
6279
245468
59801
227876
33259
73238
96945
180471
136985
26753
80971
76738
235170
145681
185247
142103
147118
218407
114887
144723
148700
160843
141530
234506
244570
102469
49835
221460
253441
46843
104045
122650
155241
163845
95527
51430
237083
55402
231900
236998
82154
57872
58737
180254
66483
106914
185287
76531
188251
45174
221253
199881
68947
225713
179387
58518
191113
229221
142908
189554
138994
246952
175135
39235
18729
15662
90664
118742
188993
185495
218670
16147
106297
140337
196401
35710
110181
244618
112240
161362
34793
196423
106244
221669
167136
30631
143117
221179
122783
31025
155734
6777
140908
193799
46012
22567
209460
254605
4239
6384
48031
85839
22530
154327
226176
81861
52967
199287
71480
28137
223580
224202
224559
74824
190871
254626
223384
78989
220805
91167
227943
239469
215874
231781
178268
6886
117278
250658
124421
121516
2042
172452
207355
142502
189709
41462
87293
242676
103679
21703
15813
72259
108835
103303
10013
44707
102929
233397
241625
186664
187494
214568
171134
148368
54281
212332
18184
171558
70922
142605
38075
190893
177987
108360
78395
112696
12752
28619
100372
116430
50321
234115
188689
22087
82418
61632
66793
48277
157959
171348
234940
90454
248846
14005
101752
48127
226337
237866
219685
160189
243401
120690
96082
166388
91980
174477
142014
104731
66026
242386
84091
234276
221501
135710
1363
166849
197342
68155
215125
100301
102433
195065
53685
96280
72001
18368
144406
161268
119164
227021
66457
107565
210641
162538
136883
47621
199945
23897
15282
10971
11283
99373
245247
95714
235082
109540
125493
40355
177695
85618
140656
143058
143614
57271
239337
215614
75638
246674
121882
194801
218695
188338
165296
174337
213806
47179
84888
158752
71076
100170
32653
200288
62473
140830
158933
42555
250370
29426
82910
35996
115044
86496
179053
3658
143766
163391
82202
82335
155065
204083
140066
236690
352
50363
18958
214157
97541
103846
235839
168616
66946
13493
231835
129418
17253
135768
171972
12623
165193
117812
48618
143167
67238
90602
9755
211004
116923
91956
156269
134918
158969
41335
116608
159320
91697
253496
236408
52169
102342
217247
83715
169287
93670
60550
43705
110923
196317
78607
123545
224441
59350
35094
112608
126587
243625
122363
200521
105548
77249
101790
240465
236218
6056
220003
3469
97752
218499
239876
12851
183771
65055
96566
98058
158724
20046
4693
14647
216363
201230
1123
48735
5580
36216
161342
132166
24841
146635
77688
248318
223884
179477
233783
68033
185532
61717
71501
146215
143147
174308
21996
71918
239362
118561
32907
143086
138607
155529
20664
217900
101759
21786
11635
107338
175931
35907
239504
63702
182542
62192
57020
14357
104599
153733
200319
153062
215449
134750
162207
221526
54058
184202
38445
156350
165694
71351
162367
167231
89810
183030
130131
191569
67746
4696
43907
243676
40602
28411
170308
86074
208532
227327
218360
176062
243990
163679
74124
67370
43430
99261
33897
215417
28463
72341
116768
57087
6622
142065
224317
96431
70095
99448
33000
771
222073
194837
107377
7676
86178
22685
211679
39711
112942
175040
78703
101932
83719
15757
169301
245078
115017
203197
205496
6410
138468
185194
63497
8020
72259
32814
222381
142353
250192
118311
6054
80196
58148
113430
205801
144326
136114
162481
46967
111986
82521
243599
213917
29170
4356
128218
137179
237302
194346
87675
243711
195744
17869
170138
203764
90127
65883
34076
95410
61075
152386
219393
141270
210534
77823
210002
217790
76867
117483
127687
188852
62934
116286
147769
210033
238571
138917
92212
220873
196193
179886
72515
254868
60685
242653
203632
13742
53536
237707
227081
232540
253023
191474
236740
71488
132227
191742
152208
209093
54225
24895
142945
235088
4111
153644
190122
242681
155492
145264
71485
214615
188081
144000
214483
248765
249583
26046
125438
48119
126683
97519
25659
124707
151924
7399
196194
29151
62072
93403
101175
234226
236227
107050
214315
240338
5695
12368
90950
24117
20562
25366
238731
208642
169365
61146
65339
163948
87191
190776
74997
213874
151225
218585
201511
166079
88914
142705
195230
150985
99038
41405
130212
80266
148454
207457
183534
17079
82755
19484
159125
103316
44849
5788
56959
77144
66933
240227
104022
17054
38934
179018
230927
190158
142603
40369
219168
231517
183074
159398
245432
145042
63733
120644
225307
75117
191031
153841
210126
18786
36256
114251
122102
199034
237968
41991
139109
167831
145148
106061
184885
184081
30080
23743
237169
35613
64112
201337
130060
110116
105735
120493
158
32398
104067
88396
225445
40099
242236
180571
176814
141422
157752
161846
203387
140721
66767
205426
53552
211914
56487
101367
140995
204496
125110
123165
240109
52152
69502
233099
162267
38168
216522
25355
188495
65590
113750
158940
223618
218917
84511
145432
223269
242263
170209
171656
245914
236975
240012
162396
193890
41500
126694
197815
245995
114734
183910
94035
166885
253412
72135
192082
154510
33657
217436
88005
217176
76187
246945
185794
40104
194386
194157
8373
44580
109366
42960
35494
209271
27972
60821
11092
187401
187514
71838
178397
47248
748
17432
77063
117090
207496
14145
16600
241153
94511
222535
203329
170697
77411
252054
73731
16797
54142
200034
61377
26438
105924
214800
235708
251825
138551
109731
184227
71065
181568
225554
236242
182315
105916
58305
162336
58413
190379
178935
162496
29891
9401
228755
63518
86811
88740
180
103608
142881
63144
27915
169318
169067
242714
12958
28823
126266
122688
75980
60261
49256
46534
159434
94501
152450
80669
1837
73793
16049
43703
99219
163869
53103
190904
90317
2845
24645
90496
106452
30456
16570
252296
199774
48567
240010
212731
77390
229206
198349
153369
152398
110535
62834
56832
67966
78214
431
69803
14937
16479
231435
114155
43278
147468
50059
251525
150312
192633
204951
119694
223089
221521
116990
167863
15088
219931
243524
210407
194137
49804
226707
209465
160338
34541
129227
228303
112754
129658
161036
127690
9067
137471
104775
52345
147870
17764
166800
43182
210397
116751
162876
178486
83272
142796
209279
216290
107727
60734
171697
164795
110537
143404
119260
133805
40875
111418
225038
16559
241075
131075
144248
250141
131476
111953
165416
24346
129717
77216
67528
85114
56898
93334
126530
140169
99060
198739
219389
206787
4473
254017
116582
232939
5352
98772
111744
46227
73120
81782
62785
59195
75787
69964
172267
207263
181916
82683
94539
174563
22830
24997
122607
79727
118330
112067
82826
217390
55806
47216
32108
178208
164163
11620
156147
169514
228321
130821
215740
46442
75534
141456
105636
14251
211419
22903
221513
1266
223516
178983
38760
109276
203979
161366
189002
185240
18434
134758
10561
74239
44904
42668
115378
209066
54287
134455
123581
145538
10277
202251
191979
203740
88707
160546
217990
163056
46379
47435
27253
14895
226417
66012
242100
175396
227377
39033
105636
108741
173791
116196
45911
81625
21794
161288
35692
194010
40743
159272
84549
168949
106523
139458
117689
58161
45004
198610
221216
91383
108975
248468
224207
80392
177410
211308
118718
149788
113271
87285
121459
32062
66411
167369
113687
88205
191587
12309
145145
232330
171580
229693
9210
141033
114152
244829
62124
22086
188439
28341
113468
42414
139739
200606
240735
62150
19845
222383
74868
133115
54668
196326
28108
239009
226626
141794
190144
163213
17033
80289
3474
188612
54983
12684
192575
32065
2513
117630
54150
53882
145970
30549
214225
148639
94085
62891
73719
113929
30274
11517
109974
202872
207843
138081
186881
42400
142805
122025
68543
159837
65244
72017
211379
120226
202630
11886
15221
68073
129515
187301
239884
138415
217849
199109
32054
56934
124930
223703
33793
155203
235219
6697
103075
50993
144778
152886
93392
150513
137841
24866
55351
203085
214812
129660
186241
162442
141545
201462
93445
133990
133763
78329
17405
214542
140368
167389
134406
10298
136092
31129
28431
116311
37825
249436
30235
45533
147322
241556
196046
148094
11422
114327
96179
226233
243986
27420
251605
248462
91812
90050
127452
225574
31309
144857
48047
34607
57246
182452
44904
56268
76511
73335
35509
114336
185701
65743
159868
78023
52300
100914
226116
181651
215240
185225
152885
67158
212645
149490
60620
167387
102471
188071
893
251709
195858
48939
31317
116034
94322
194150
172301
170832
130415
70741
30168
61116
136483
52967
139139
51713
153880
228185
233364
232051
158411
249179
44209
233986
143669
222758
9304
109070
155829
10196
105780
214618
59135
27
75652
16387
194176
247953
187218
69592
63694
80317
130707
63107
133283
132776
232750
150093
223892
211114
245074
245233
205293
34283
87150
211892
119971
96453
183893
138731
106649
152603
98349
28714
152629
174000
45100
91805
29884
95248
24327
211507
175564
155034
19615
171777
150740
115295
66871
119632
189339
174875
227795
2563
72089
59945
214454
192059
156398
6278
75790
125977
158880
174138
154690
56509
211069
62720
11245
240952
157967
35571
197460
78532
53535
80005
113239
67206
195299
43040
49768
247568
217915
22564
250130
35004
82508
209584
227062
101836
215862
165783
227812
237672
84921
245432
39182
158920
53152
168356
144873
211119
203926
205263
152581
120392
30268
10820
187597
88497
171790
237364
81065
134705
122858
76195
169708
68297
148709
4701
170132
227501
170483
5876
73105
118335
251307
112286
22255
49460
25642
30058
123509
92498
235320
21090
75820
128518
149839
8417
217014
66629
108712
161009
64264
231569
100134
96902
44866
111774
101603
77929
202205
135016
83804
20310
116281
198041
250525
138536
247500
139097
168593
116009
231595
11845
29
52415
140362
149868
178762
102377
79427
150404
126316
143691
244903
89381
240592
34770
201154
87195
230628
148359
85142
59432
31600
201422
120403
27125
202888
112904
166222
234412
91843
5748
246256
91872
176092
131618
104670
99854
96925
184096
113188
86172
190717
103092
175552
176310
792
121706
126435
231419
132995
211576
153781
164594
20930
19184
54650
223817
250017
220871
203229
86861
226618
57416
41663
147710
189034
9263
110495
148889
56289
223682
235060
247006
189704
18543
168316
190495
3179
39751
29845
136174
114258
183625
163698
135187
65740
218347
221934
60757
47149
33095
10548
18767
90510
170140
29408
142474
42333
139902
36364
98622
226514
134354
208558
161219
152897
121874
214644
156075
24555
244489
155179
1743
36045
63878
254859
101784
145155
221794
25472
192304
254888
153949
74001
90398
187020
103408
232872
229352
243309
132166
190904
214824
129450
144462
238973
27347
129266
198617
46353
16752
51037
201531
18494
87082
128339
18354
51796
136425
103078
77267
73729
102966
94147
147729
56294
26167
251137
152096
118449
102377
29262
172284
180131
158712
61746
27035
48989
53943
225652
95341
188624
21689
41873
207117
108770
33142
88401
23497
169566
191478
100763
106225
157374
57840
253954
213668
84006
113022
110764
65386
78329
140026
237669
3461
161668
162345
30495
73587
79218
119077
168928
12842
3697
73731
82890
112466
224802
171290
135962
139369
225699
99656
245593
128073
20426
107478
86741
104432
83430
197505
32748
161759
200461
133347
28150
225059
40692
176574
43646
237840
40652
75504
250681
44348
149234
78571
19744
236967
112792
18637
121336
83491
236222
111929
211563
1648
82338
161235
224009
165767
103740
1757
72526
167131
253033
218605
137190
156656
140180
43766
139496
180831
119270
135177
88109
131434
76679
107852
113401
189470
244418
97667
17961
225640
72527
92454
90219
154864
253688
59228
65631
220358
178915
1088
132489
176948
82623
132609
78604
222802
39306
218099
11564
158575
216207
99672
152939
155816
70455
129271
90286
177803
226937
226176
148444
44464
181560
238662
199327
180249
160820
127889
8538
84735
246906
3958
124614
74529
254496
203217
160262
38802
29248
171825
60307
108385
134428
213246
9201
204882
87517
217416
127685
177384
188592
139059
221848
115152
240651
29106
158331
146472
19925
166869
94137
129761
170826
218750
204290
170322
29899
109552
72055
59146
144307
132361
30461
23735
90607
39661
91547
41054
2077
219232
81369
53599
221221
48217
31681
69804
195252
190012
216275
215177
219811
173342
89938
253567
137093
157158
31820
29922
129640
103874
89067
136878
236235
119527
160612
189772
22118
252159
93757
142124
79322
175125
58653
163473
86272
90333
233276
144454
25345
57482
104631
108086
230824
57500
106653
230847
77588
138473
5769
70159
242346
212765
207036
86512
195222
112648
21285
80270
227737
232971
222393
52059
153096
143976
78463
102298
234308
56739
246751
122584
114221
214313
230669
207975
134743
200253
183822
212330
83726
52521
27489
189002
128216
234524
20515
68438
210103
159729
148707
182840
137700
234030
97830
153726
123006
176292
118954
220244
95961
110705
87828
210181
187948
181428
26087
67691
126681
72839
142952
73337
125359
33371
7339
253574
12896
145783
184942
85929
50512
196579
131699
51142
38540
92459
67798
24476
131681
49682
244720
227642
23318
77548
45754
211265
3976
71841
141887
248586
144679
29839
66923
132969
63209
74262
249473
194034
82975
179416
24963
251417
238925
19593
165489
22466
112051
233287
46941
243732
145899
36661
216374
169216
232139
125058
125482
99045
196898
12369
92632
204508
160137
22485
82477
223345
214676
76950
25311
42652
119296
168203
39069
103222
187795
67488
125687
44847
45775
35558
151509
191674
190149
230813
223820
167288
100871
94302
11333
160700
224600
221894
110208
129737
244379
55615
216013
204055
132564
241323
109637
114791
154526
11636
218012
87322
79124
206629
250098
242828
105117
146607
42433
40266
122420
11254
207553
223290
105555
81817
246920
193086
166641
102128
67823
156020
157742
28836
223006
153237
15159
195573
13028
32616
207209
93970
119937
149263
45599
115035
137091
13646
124572
179524
53912
246991
190777
6465
78212
159262
206211
70133
97348
117853
35191
28102
136803
192933
174867
222739
209100
52957
163313
222127
85572
233452
61097
205508
127715
224625
183473
127736
238270
53045
52260
155112
45036
105967
24508
241177
128160
230718
174240
88438
93571
209431
234469
93305
10295
154337
61044
219394
207293
87287
49452
37865
65739
110548
243372
56384
198103
34776
184120
44304
87820
99310
199416
250785
68208
223923
236962
196367
62572
19134
147735
19074
228564
127205
112378
238858
26542
36352
66183
233834
123639
115634
16699
52308
89112
123001
108692
32215
20707
155742
194448
108526
52
1795
104311
68259
88648
204203
127556
151220
223336
20292
170293
59831
147496
27671
161619
36968
64022
227801
15802
50591
88435
150430
102899
177546
136361
74521
72691
157067
93193
130070
128523
211174
131864
95764
142364
220512
44967
14920
116732
131234
153141
149955
53995
163567
177625
215614
200534
104577
188415
79266
18099
139781
92626
120997
180257
91917
58448
252948
111914
151640
245948
240436
225744
122812
81200
113108
206254
244097
245958
67986
238261
144099
80871
37256
170597
3496
252869
234061
226003
49216
58328
244101
188996
13884
228028
114253
223731
149406
230131
80645
163976
221079
66082
134720
206822
10212
247828
158076
254308
101717
88993
237569
245815
169863
19826
24343
36290
135625
3405
125223
184840
179662
232254
118836
193545
205282
96020
162276
217618
189081
242921
126594
18092
171933
6314
224913
182144
117072
245919
181453
218788
79912
26953
72535
112706
46778
96877
148995
45334
100281
137148
230173
24943
114402
211940
81419
64684
52960
106625
145232
104971
94546
16826
123062
129409
141069
92975
56554
3142
83895
100937
84860
26737
127889
20325
139442
37598
117202
151367
82931
80413
33515
176034
223286
147916
132974
49705
75530
48864
19260
220761
153835
113806
237586
21897
106145
241586
232802
162698
107658
61697
126565
192517
88433
117385
212842
90806
17913
192974
242172
218773
136317
20688
139807
104603
31534
17782
17238
107064
184575
36498
190755
83410
13234
36273
223237
119378
22859
201039
145007
130516
125666
134502
68033
77029
251886
143805
167834
132729
199709
155007
96502
81027
38625
236309
48560
70158
117021
183728
40152
46596
83156
230907
247936
96389
12180
79104
78697
152968
25143
86634
28484
150808
84067
214446
227836
198883
221182
3602
76613
165891
158608
173114
109848
60163
17354
21339
130320
134374
205066
33403
43901
151152
9310
36837
247540
139419
115940
189167
37387
4013
138732
65870
17751
85729
25316
108517
29612
109428
112118
224154
20320
133656
142269
248097
193818
159622
14436
187069
156927
82432
220471
200827
233583
229780
100594
89054
232129
79464
141152
14516
83476
142814
198315
219156
228542
86561
72673
121084
195989
47722
90239
79239
181377
232507
72336
120196
60
86772
52265
156986
32134
135666
102813
10718
110446
66337
99771
205505
145800
240922
220020
92206
128736
26266
56362
220208
112826
246965
86293
171745
39687
176531
250983
83994
16969
68320
67120
17028
18022
237314
36945
50155
117980
2688
178802
91356
69025
23574
41861
214824
127426
124811
52031
119093
151076
226322
202231
126833
218287
33524
43578
120904
72985
157492
204898
89953
225811
134948
224911
106763
117263
6856
19848
235242
9543
198650
189529
78567
85154
231389
156322
75510
101201
208352
57533
115207
42605
4765
242039
5893
156218
148548
126796
229203
51040
194624
64156
139781
74573
151997
109474
191835
158852
247251
35008
31326
190901
224536
227822
138985
63857
129144
77426
27988
200426
252888
6125
243031
2653
111095
111854
21802
4643
238649
251004
173612
41205
178090
176323
115777
75088
30797
170542
96870
140978
68480
128195
76880
155947
101018
78795
219803
230161
19151
110721
38519
17040
116845
26550
137622
227939
138403
159423
95512
239982
18358
14124
144117
196448
53377
122824
134466
202103
38366
231335
88082
224776
222461
27892
125723
68479
224616
208456
161570
243767
182107
200088
5807
43952
89568
143428
134822
90901
47852
230333
193814
66209
107388
82931
125587
160764
205755
5053
107868
107051
99319
58880
194757
66780
86771
65480
253188
56387
136866
159758
45154
63973
222777
50960
225855
175275
57319
105677
129107
105170
198940
67921
34309
51328
13782
159896
75023
82467
27879
45821
52449
245127
104700
247205
56907
191470
175616
173025
110787
57482
195714
155941
239385
163491
69831
73171
201696
245079
41778
75803
213179
103648
6654
247488
154976
20436
15315
92929
102902
161123
138749
155350
151251
243448
10487
71088
42849
186102
244113
153635
106514
184827
172506
208829
211248
105268
27000
157944
95347
186707
233747
53527
35356
240400
163945
53262
123766
179259
146190
89599
203312
29939
107879
99563
136317
118365
33582
179165
49467
22695
195730
18912
70452
231167
227740
26700
81435
117671
47574
176781
49378
144251
93238
202663
247582
2183
925
116348
44372
147114
205946
247684
39983
176756
210177
176299
40121
243758
218394
207518
129383
22056
226429
199834
253222
199169
89464
79657
179770
254968
119368
229148
144219
75537
39742
136801
77719
40667
116080
240021
50711
184956
232705
90694
106712
50813
129923
146833
157502
211248
217281
31885
233303
188710
94650
94456
250809
184113
37043
175580
184081
156410
12659
191231
231946
52400
73032
172596
93066
52042
20548
6708
236998
116183
97401
88710
166995
90254
98473
69497
164432
60754
101382
5666
112394
58962
100121
108204
106005
137163
28784
153017
156504
41442
89248
251380
211771
25210
31907
167768
77252
52454
174475
59250
168636
134806
10890
80632
225059
227293
13059
134492
33047
232370
140157
145441
36332
103209
253644
142337
240371
145358
158284
4806
49730
247531
1187
6501
17741
33093
37199
212922
85547
211673
17172
254182
91479
145992
197744
61539
118285
210803
58961
14262
51104
62048
159702
87436
28187
21277
92703
13559
29565
250986
18364
197224
106448
137480
203725
124188
170573
240923
200041
1120
60528
80143
118232
152006
226134
60977
76475
89419
134710
253365
221611
185813
60414
126313
136179
88600
10521
91812
220088
158015
205728
101383
100240
57176
238862
166895
44295
154435
152818
244335
18485
76276
69478
136717
228282
40613
60624
49757
247961
58264
48123
214572
107007
226466
203816
106117
177996
77267
60859
6016
235281
11588
107398
80521
68763
209190
110346
113057
108626
126095
220322
245040
202370
34801
244687
175652
193343
168241
88340
49235
89435
254392
126738
196442
88789
193484
165489
11785
15751
226347
135730
113962
237934
106058
57414
169628
60249
167759
145615
31805
38854
110938
21845
104155
8669
129463
24807
64942
42704
231076
114176
132139
230468
103844
191511
64257
42328
219930
193972
176008
191277
74702
152901
37143
180760
73245
206770
103939
103934
97385
135743
142788
71253
20518
246942
197851
149980
134679
7793
192684
110756
239899
187753
204154
88743
242194
13412
249001
207124
70314
32940
143401
145015
185840
43474
188705
4085
250243
37644
108019
210559
36317
113737
144742
56835
223609
87594
206814
221218
95386
7429
194904
198215
195181
144059
31959
45306
157470
143890
252429
227783
176829
3762
235728
107670
47235
32365
229684
160409
187938
200633
233898
224255
177300
123640
26090
8840
74164
95834
230058
32481
103263
169962
230695
161374
59021
7654
206680
79421
151543
67040
170134
191303
70801
150863
43973
235966
46158
136587
4306
234095
200151
238203
203350
122451
224773
92370
249221
43938
188204
224279
194348
154397
2172
170043
178701
179123
177697
248311
3544
192170
60352
36609
128473
249082
50402
35376
230048
96559
34894
97284
75654
235044
198417
141935
220425
168191
234304
214646
75059
30439
46856
14407
184835
166958
184449
226467
91081
225076
219778
212554
25178
25130
249162
16581
19213
162494
169887
112191
4053
204780
209475
79707
47755
152892
221641
131110
184013
63876
208687
122002
94315
543
254338
142080
30431
46719
113547
121511
134725
78326
196996
159902
221385
54089
39414
240597
216583
209300
215719
220635
22011
33125
163272
69765
48947
129913
63805
95891
56720
17492
217892
151034
135965
80162
38114
166395
126880
151661
150837
6605
92917
210763
29438
59302
9852
68851
162830
89365
23151
123549
55001
45161
19604
81203
232855
68550
74047
159590
27371
130766
177082
245263
26800
175977
188355
182843
205302
60235
197434
101139
184769
35351
56902
214206
212583
184684
145987
120413
19049
169137
106892
191979
77228
126495
18183
173013
57975
92229
77604
85346
222994
117616
193539
112724
156523
126894
158497
106825
50059
100932
70895
234827
254212
245726
56965
211795
38341
202951
77208
57390
235019
184099
112299
175177
173524
130481
93191
231499
85640
33725
179775
53634
14271
118314
29288
170793
108138
187785
140548
21127
33717
211442
954
150859
65100
175848
107655
103440
241730
47793
160829
84680
94823
18129
4857
13347
11540
98047
107776
97180
249701
32551
13744
8972
13795
43032
179764
239862
93747
65313
5989
245393
139685
124873
141252
204784
45721
111837
53225
150381
159630
76984
235060
254452
213042
239917
130729
224582
200894
238505
184692
195596
133986
198435
204567
10712
104397
247262
250573
61074
175505
1563
51467
60190
126435
192719
9975
35086
49556
181129
185467
72116
3113
165527
71568
216155
150444
65228
48668
214269
48733
233359
154865
45649
39725
222362
56360
7053
214624
169864
68126
135129
171426
119593
58250
42861
175242
186154
77946
87728
112283
126343
159844
115395
36871
94342
194480
50245
159569
243147
9514
71232
84437
27309
234811
242092
249671
36171
249144
72226
206034
180200
70286
240390
44793
128535
146181
82965
59689
87058
33624
171971
213400
193467
150296
113201
150739
207707
163446
55309
195854
35890
244470
143222
181129
224281
130314
175800
123383
242388
110956
192347
167588
181241
177738
75312
54776
68919
158276
114464
155976
191899
149365
232307
248296
162592
90508
144036
115299
253953
62275
174083
152774
51745
62305
78903
138957
55549
117633
7340
42937
228588
62617
210525
17761
103285
30837
72536
35135
52043
49931
54041
106873
62226
31348
100169
224817
121856
107135
85116
238739
169409
122130
254443
84085
184434
196276
223041
102914
58909
93311
145850
150428
18858
219305
168188
122143
113072
103654
157277
28046
16515
211317
134918
78741
105596
98017
166488
227451
205152
251604
74121
237491
236664
73565
184506
166098
14841
15478
131942
191680
226718
22793
205038
245576
105028
236156
112719
218100
84810
132926
246145
101325
89243
243993
42996
194838
87010
209483
30220
155092
69018
222271
515
50682
40836
185020
79711
173606
200498
211652
228216
35147
97375
178254
25723
202403
22341
138441
165503
107151
134297
19579
71406
223540
8572
114401
26309
213511
186814
174459
113604
833
141730
232048
51514
45496
162068
131224
219101
225496
205807
192318
5644
48182
233502
31366
250584
844
32738
24018
225924
167034
161526
160260
253504
33028
19661
142744
246539
206474
62203
223073
70237
66863
200121
121751
112358
107189
115905
76459
195616
184642
131707
201259
232824
228140
95555
91339
91914
246222
233287
62838
21188
139813
86028
137622
172841
105688
25366
27311
175092
205498
250383
108260
17361
195504
230010
129718
47693
208845
69108
106239
138488
63745
170428
234242
154815
10984
70581
246728
120136
166798
172496
4254
51612
3524
141876
87383
227141
30172
114693
10165
98601
110076
118424
233891
168510
211364
226540
216202
165209
40648
185372
166627
222322
100800
145869
122138
229713
79381
113866
94850
246178
149293
217033
160720
152816
221839
111033
124958
114942
225725
135122
213542
198731
253545
55364
112241
209909
26904
191374
238048
185481
121746
149676
152804
222545
158475
19942
197259
100786
251737
155039
91965
146030
117072
115615
43847
201842
226648
31735
61784
60304
29787
138256
121966
146262
193619
234206
101171
220523
33511
202149
151004
18187
214755
48808
103663
236161
186679
45922
81947
183417
63891
36842
192377
43893
152457
99154
245734
124105
130888
52518
47339
160674
53704
169304
51936
247323
11442
16037
212846
44952
81117
108850
181069
40872
20589
29732
139963
207267
193583
221910
253614
2474
3752
53923
46366
156208
153076
155031
143243
28965
70479
190582
52569
124183
104886
222435
116506
116327
238471
192282
24210
182518
164062
205278
223390
184650
97940
226283
254848
36523
193193
116393
38996
59876
170315
203291
216083
68392
103322
222257
215286
36732
157839
12855
160914
125655
98220
140350
104913
81692
77632
129122
9210
241693
197330
95530
34275
40270
66814
34123
76792
122937
13446
233717
182812
183761
182008
6827
115083
148261
229083
75369
47923
249852
206153
208836
120507
49374
212116
88350
248995
152678
80402
121135
2302
22732
79596
36576
180931
146409
188628
120653
132276
202074
99370
60089
248765
144309
184845
108848
155500
21859
47147
203422
16711
116230
20189
148
165603
95235
88498
22529
247912
168899
143664
250213
54562
223259
149720
98423
232598
83348
82007
109874
148352
44307
32893
142117
188615
80668
113895
207045
102526
161041
18398
119236
22272
156516
237314
50805
251750
188742
191264
107593
102641
79928
220737
20133
166117
115457
236486
6646
198804
63493
116519
210087
107799
12343
97204
159345
210940
211099
111390
58467
117140
247718
40633
2342
149234
22947
171077
8916
211688
107341
116508
177260
187268
82245
60323
216315
60632
41809
222960
122367
105301
202409
77454
76031
77682
174657
235375
33623
248686
209695
92089
228757
65344
250651
231098
214578
18599
147175
86424
93217
117446
65862
133407
167644
11038
193730
128959
71669
98469
96919
194035
66701
162259
16489
142731
239940
54077
241036
18563
47763
195731
228581
21520
6076
224233
115549
83584
105762
125654
170007
61909
243100
98799
195316
155744
109836
134046
29704
181505
232514
244552
238470
44215
14742
254959
49876
254682
54036
35912
136175
219728
94574
227687
241248
218579
59851
101797
47163
28543
227450
80100
90451
78481
178898
30767
234225
151665
27743
126859
78170
5258
234341
61640
167402
249083
179529
80209
111696
96495
116120
247870
61224
73624
83488
165402
37203
143338
130129
202295
171880
220509
27395
125262
43991
69224
156028
23216
220888
183771
13005
161988
51959
247345
223627
82291
241428
11088
162499
98124
107582
141550
208925
31736
215173
155343
197137
115307
161612
72266
62602
196422
37776
207927
66684
199696
22151
222712
222911
105969
14414
98846
12957
66372
91191
99514
148662
195550
228531
174092
156604
81114
60642
228459
112849
138745
128803
172917
254051
35415
245182
179584
231836
145888
132511
161451
90584
17592
129163
176425
123560
143576
20271
254446
72878
229392
216890
221539
169942
190422
3562
189476
134466
182133
162936
247314
65879
36739
28162
182860
190083
18345
225374
29850
27163
102885
191300
117747
120476
183393
157102
106966
189899
177373
224342
7777
14696
186233
92247
184637
121655
95808
237043
1121
22942
144979
111365
206750
44648
139527
252540
97661
20802
222915
127511
47964
188730
181741
28641
172137
228065
185743
142033
162964
226046
111376
33672
240741
42609
125918
33309
27194
84656
15352
146244
225527
23262
120539
40208
67909
122996
37749
165570
143797
123594
156011
54692
175254
82752
83332
92391
55817
132005
234424
81712
103051
208730
115383
206722
251338
104231
240030
141462
188886
118313
32706
159414
141574
153244
199621
209482
139171
100300
237982
27968
86824
138993
200589
125009
84676
146852
217399
3423
23857
59754
85134
244838
13484
200516
196560
127752
167677
181591
14214
101564
162834
164849
123908
49408
181024
186459
121820
65195
149690
104803
211092
236513
243795
19613
106522
73471
166464
186852
76894
53251
109536
24958
43089
240950
88405
239649
231632
1082
29171
245846
102645
192004
18626
89483
104342
199649
20943
226161
127774
170632
75964
83867
15076
182690
103479
239528
1161
132873
34311
195984
186123
6777
83873
229212
110657
172277
76792
87290
173358
223892
196066
138934
23827
214691
228416
128168
22272
112289
99329
150045
145851
38224
96842
23858
220913
63251
126316
85004
196123
160626
143919
127247
30333
227791
219389
140990
145068
159111
228279
63426
128003
169345
65290
151829
129036
38707
24997
14238
13926
242255
164283
159777
25479
124055
183634
109322
187306
54950
194326
128429
78506
83245
118606
108838
56036
200925
249827
64034
105036
86037
245389
233038
382
55680
247797
247348
212316
17794
124516
226241
122980
33799
131018
11389
157854
59652
120711
208090
232531
177967
199449
56037
124142
63056
27806
180177
8981
140563
107141
231947
226600
97530
209985
89912
153209
202783
200190
110525
83507
69707
199697
69417
221435
75715
80806
242219
253297
64447
195309
93759
242413
139759
149796
111555
65745
40532
154662
192655
44025
6803
169602
15625
222262
124588
223467
238402
190301
31588
93927
136738
219224
38624
206155
185660
232269
149891
172879
93497
214337
231119
187255
201750
233808
199981
176235
44553
240512
75897
237207
29538
200629
14741
163092
167891
2259
249489
14224
192559
26078
108151
192227
245301
9705
143382
38892
104904
38273
74702
198400
115540
168751
130656
180220
147559
75637
101455
55042
179080
40282
155179
71548
240910
169919
234639
16733
172177
92060
30956
109736
236067
2037
46964
89299
129672
53276
128191
97506
209479
65823
40907
70019
234573
34493
250239
127132
110129
96694
45104
152139
254906
200282
223686
103747
115202
66257
238409
32379
158316
132296
5046
139383
252262
169939
228681
244864
223214
219802
87371
40624
30625
128277
110643
128128
25700
223812
118190
253758
183436
163293
150898
183342
108576
119584
32090
86708
48771
15499
237016
207086
10725
242061
209399
7988
19931
46012
252851
106076
128744
85222
146699
22300
76429
120272
150427
102128
89084
13618
100887
17521
39841
114715
200862
11347
97229
95882
98054
146000
229311
80071
216016
240035
185062
170416
248022
204993
79358
245874
56069
208101
76096
65698
230400
15456
185970
243758
235513
20054
2376
81400
37574
160146
59045
101367
171493
156274
197248
132477
47274
171559
75478
8290
19526
123471
41636
12548
73464
120993
3422
247462
74095
197448
176090
167425
75834
107060
156183
56347
127114
21489
137747
27618
181635
59722
246914
216058
215995
52094
211465
126199
223652
149874
134489
106108
18345
39055
118656
209738
160048
240007
65131
97073
182455
241220
9498
3289
93281
28612
59636
83325
50100
60313
110942
94665
120034
220787
55723
198960
17881
130119
70159
104463
24993
67578
210571
43337
106633
74227
116005
129611
59234
181135
89614
104620
167355
99111
225838
123566
127722
148404
206890
40753
208716
180763
135417
191681
146550
191140
135641
27361
184189
68730
131823
209181
136308
87394
115448
105871
161620
94383
235481
83785
20518
70095
188404
50803
32136
22173
37300
22789
170577
107120
63541
242223
32883
198957
178904
42363
253027
177475
187653
45147
246205
64477
254327
245443
151870
232705
96314
176421
72088
76795
123136
210535
9820
56540
6339
41955
196642
43638
182673
112219
13688
246213
99443
164501
53102
141277
206863
169059
181683
2448
214206
35819
66924
213533
26262
81724
54170
122575
3145
126257
62300
126280
81793
190049
45750
206061
94934
242392
112629
22608
217541
126316
13821
179914
35817
184852
66192
105611
98912
110805
108058
58118
146623
37912
134581
172884
119635
188750
158389
122780
177938
83619
111990
122661
136598
157740
73722
231531
8063
49281
254138
225603
38527
130890
150518
74344
60742
79640
42885
22584
190444
13873
80701
199997
51784
78213
235811
171418
11963
139200
39198
52831
85749
14119
175491
222346
171858
249212
198877
42851
161423
60947
13454
199950
191836
26902
137224
115508
224471
180108
138092
22846
193980
81723
222842
108694
159935
203653
25112
171898
205783
182240
87659
36532
196358
8151
121808
231146
120293
183616
18997
26717
244562
150380
89597
44329
40213
226820
159836
9684
14859
42928
150460
71769
242581
118302
180462
147516
184886
205573
182344
253599
250743
15004
153062
192101
23154
19870
168247
143446
203485
187243
33093
55978
82624
122689
100306
240766
94509
5143
250449
109367
166000
8840
181135
153581
245072
224527
164028
174958
175101
91372
173557
170844
224305
189549
225876
110389
209419
139123
253835
20835
189297
149858
76813
134851
17548
177118
120617
229986
45191
233996
202284
74122
242836
246349
90633
232908
215877
254660
15797
253908
208963
52284
32683
178268
241833
121489
33658
196252
5613
150423
80017
57840
163211
19760
192690
43689
59809
176237
136606
104999
155233
83890
42051
143069
193169
132684
238907
16977
132344
254703
133815
204237
51988
29429
127506
38821
150917
24094
98003
19460
37447
40950
77299
200657
60710
14989
244346
120518
54156
243882
88447
209389
72772
130498
215388
128871
8182
62227
8779
3456
61930
142593
207693
231847
172021
198129
133598
185869
85153
94531
205328
122599
135481
27628
186186
59121
160546
38463
42569
214702
27345
131015
169091
218046
124443
247409
91918
250554
54636
100696
254010
116566
106219
69634
211343
141171
12763
89942
72040
97915
47403
22368
83444
45814
49995
14630
104934
210541
53093
147502
170243
80437
141448
202264
161414
10891
194673
253331
6446
249309
216957
123386
228805
68176
193019
48079
72277
68712
951
144316
166626
48354
166684
113000
94167
79609
127629
199101
35150
43652
209533
68323
242019
95981
133517
148433
224802
191121
9695
94178
185430
226651
217563
22166
157757
18513
70244
230034
87224
189125
119350
116780
237478
148964
229779
76645
228573
220338
138676
126653
8991
211140
57907
251009
170051
191423
144442
139853
127544
17067
234030
175904
243717
59524
61000
9405
78036
249174
102369
165259
183299
221719
144969
165777
233613
119748
105352
70117
85087
106959
196770
94077
63099
254676
208016
96080
54030
215388
235933
44505
232454
77894
220408
84102
137418
26409
93506
78384
138513
195875
243643
66812
25525
133612
232588
122068
116291
200870
192185
201377
52829
251885
158384
233857
114492
229330
74938
168521
189718
173801
213025
30103
114625
41365
114204
114973
185703
70640
193357
69216
129445
44931
136027
154969
41473
231545
139968
157763
177415
77153
222070
93175
74038
243384
189962
188529
217714
9900
219980
15363
46631
40937
45465
161256
82301
159668
21229
130934
230308
214585
200149
104753
4516
199106
122653
163919
38582
7621
66682
215996
202703
151683
172101
139671
140067
107064
73200
220712
234893
156110
236074
26525
197046
26540
187780
24347
49138
71939
18211
142376
149455
218359
110060
16901
25396
232712
180819
63977
103263
247501
142904
50966
7115
177935
53567
10112
29999
126766
230823
9893
145806
74829
154347
87853
101368
205057
230129
13436
21996
248340
155812
171450
74630
10872
188351
217956
106514
114170
26933
72707
224601
32767
123672
94646
210702
40169
104758
103631
29865
80581
231453
175670
155409
130800
8523
119707
80857
238652
251073
102853
94923
151885
137233
32483
25687
188514
250438
132200
47685
22372
204906
135216
173068
191508
92793
246700
94607
197550
95332
124471
23131
71785
45141
41471
202585
53664
24108
146372
155246
20181
112155
113099
34996
249388
145581
60682
182902
141020
55812
93517
26322
123648
91664
199389
178086
184456
54021
17693
244936
149352
142163
13067
84067
187304
172467
149582
103898
196575
40955
122074
79686
153109
235172
114682
10428
125753
175363
56261
11773
94106
12708
38094
217753
222301
100414
3771
14688
154434
21463
4624
166716
26557
135621
250782
76791
53088
145365
180688
112593
49250
165692
192279
65289
145864
169891
193647
16617
208184
249907
146320
47290
125545
47344
127974
92847
147757
131744
107534
165121
16137
230088
76837
160623
110709
190550
237413
163796
198845
26032
139320
248094
191723
194529
58383
82587
109420
252029
217134
62604
109867
108454
227824
235412
18728
100798
191189
29416
95472
161653
194536
229538
136741
134304
135162
247449
69854
117575
19177
13699
6538
21427
124723
198260
215955
183105
143778
188305
43066
223842
113839
15863
195226
86663
251274
213953
50391
50394
243368
145862
74978
45836
120401
211718
180139
118493
67099
112923
236067
204205
244551
242604
225631
114274
48796
49517
160309
192573
100752
66305
161415
214590
82168
101641
164184
196372
178524
214574
246766
166893
223367
184674
212728
206698
4323
798
70191
71421
113720
169188
138556
221201
19724
227117
80475
68519
139564
103714
124022
240315
170019
148367
62837
252186
112938
227020
193558
36462
49525
48255
66285
17892
232928
24013
87520
237251
142740
157710
171602
119390
71899
173089
85591
209552
145206
28996
23071
147701
132710
147092
133016
165659
158389
58783
25776
16327
148733
219333
170718
198258
130519
237003
79080
226377
123946
29531
208628
11687
187240
243161
131076
122069
24181
216667
76621
169386
108593
217621
180017
104233
227643
175964
14892
131032
234746
40667
147358
128480
122931
63077
189668
253449
163010
131678
224826
31956
161208
41386
43642
211379
147477
174718
78448
171657
254315
18000
203973
107908
98551
128991
212141
71195
49955
89963
202226
147631
130630
212515
21111
116491
138522
73709
114940
46532
205387
202696
78487
111595
107012
122129
185904
254488
159777
127283
34076
159092
145282
100980
129930
243832
229970
205001
177957
142855
157895
125184
35486
33525
200629
174527
150015
84151
248235
127885
130682
61553
193511
72099
36079
45524
194227
221982
162942
216934
94265
197018
238956
102477
160928
113887
209240
135898
181818
132197
141683
84713
120311
177168
236167
65940
96695
249112
150090
207861
121997
143702
132344
60509
215801
168422
223962
17959
253335
131904
234893
92600
191852
218849
58008
97780
195666
12248
96608
122485
7375
238290
70128
127686
23390
51296
193625
238014
163338
206646
190875
30336
95348
186150
208774
56149
99572
40667
192038
97907
35501
171931
53438
227353
135780
229375
188063
194377
241622
147602
61862
248996
248822
249919
239612
17212
164145
178238
227
72484
129884
54032
220749
225231
240181
37454
144311
202684
78120
81349
163521
113620
116210
79889
203903
251989
54264
254897
191366
158816
10430
116158
15744
4252
229008
356
21464
138153
178593
21690
210636
171407
193651
39316
141639
178833
76769
148880
244447
17819
93159
152968
249369
209368
232857
198272
69288
150051
61100
5655
53868
71529
239742
69611
75781
213750
69966
215174
214834
111490
99794
33401
27897
38445
72717
32466
80208
149485
181345
69655
30235
19504
85554
24604
91802
181341
85806
161090
194322
146906
166744
248189
81365
14417
180730
20076
91098
250696
235249
50932
107186
197973
84332
253012
236418
19979
30479
179556
169464
211823
112142
199698
94258
197695
224301
186059
241966
173037
92149
181288
64943
121823
37409
9239
254170
218138
29314
90268
213834
127494
4130
183950
70467
206391
181963
169815
226370
212441
94372
3765
32195
69444
66393
244382
130069
153624
175442
117035
71661
130521
161253
136604
115275
198661
8773
232375
161800
38086
67643
238564
28510
189702
167515
98977
141093
212408
131722
230393
32780
89024
234157
64974
158467
45550
54357
33536
199173
92729
150570
15835
86180
174754
15369
64385
118415
24141
41760
143145
180156
227332
126710
208666
162034
157155
170573
166058
114563
47295
141451
10273
136319
238539
75246
39786
29089
247532
191252
228262
203191
86822
107027
152302
6576
122395
216686
242921
9466
121377
131066
189621
93709
2776
143287
118674
22861
176790
147662
354
224085
152043
10626
223334
135582
203802
126050
164671
59265
62302
864
125387
12055
107890
22689
136560
93215
102305
124481
102680
223681
118478
155231
180321
239183
161449
43995
7045
83239
191656
7398
170254
88699
18024
138588
87212
221825
127569
251882
144020
52801
115676
14407
64855
86496
37095
201415
179710
2331
188826
145320
226011
170234
45551
14263
154418
206999
58257
161462
35239
112843
168859
68423
64473
49813
69942
151684
16638
197510
11497
160658
250310
127172
175064
178096
213667
75090
242441
1308
77420
39198
146627
166361
209432
55108
180624
108850
7108
101811
15312
160276
214654
47101
228698
142057
96914
43640
38741
113551
104080
168167
137139
217321
40339
175134
140417
116936
113154
127858
118243
53504
29986
127800
219864
239417
182907
8419
93267
52945
110230
108578
76151
187814
155679
167780
74871
252592
74350
231541
229073
178430
144708
229143
140751
185046
12208
144098
164912
125361
134886
28155
178864
164871
155954
6659
149289
201791
15078
105486
254736
125307
214064
75887
58121
232673
243666
250921
93196
63017
227462
185199
104377
117170
22273
108058
165146
34480
252155
192988
22771
249971
221142
64565
159842
240026
71224
172061
186817
204231
22548
186553
192468
99542
125371
113519
195145
231967
109440
33341
157914
199832
81470
7291
62002
103743
115348
90078
138222
230433
28066
23924
88335
112138
88488
111108
97164
22642
28169
146911
89803
168646
196395
27271
13188
66766
140789
71263
43733
113159
104603
64578
57991
49004
71868
237922
152746
50147
190930
153898
143510
81926
177821
231845
194063
129240
87953
154157
151881
234051
46069
104615
147698
242463
131885
23816
172159
135605
95079
78822
111694
62612
143399
169685
111615
215267
15538
127291
128344
206468
26190
16854
33394
204010
248698
227457
78250
199581
244544
93062
178633
35613
197676
189261
141006
192491
213076
58165
191026
171085
136987
47721
96628
143316
80336
71173
221513
95873
198464
94857
47341
224653
111711
80735
36594
223339
171122
232774
167921
160666
188766
209484
59210
131442
143745
63146
186863
219751
121311
122890
135837
121228
33541
95395
9544
113876
166567
93988
209748
110031
188844
120020
197614
45555
200754
234208
131825
234806
211982
44746
3403
8679
117160
180542
3051
5905
243688
189913
225655
227929
175733
106492
94157
209273
201886
221630
186079
231384
60618
3759
86415
112393
123778
29030
20878
187462
126168
152702
167268
201080
60378
33601
209758
177537
214143
212808
183441
65762
10652
154097
38691
186385
123519
250777
3589
188336
80338
52599
164720
140956
56357
114065
253348
180134
6025
19226
112596
132192
34859
142794
78272
95236
176394
150960
135704
253467
108768
64145
182159
237350
81172
220849
168735
67622
216626
35254
118888
41965
87852
146538
45851
7139
5603
162129
187272
129558
44285
162798
6750
79143
50592
202952
37310
89917
216842
173013
88384
188541
100088
133474
170891
44191
99323
202556
229742
178880
237809
211560
83775
188592
103098
247555
58661
226630
154684
245933
101188
198968
153731
225868
141042
67254
173820
41282
157170
253592
214294
108484
187133
177312
241957
103024
84433
204211
50580
59175
128091
151320
15735
211865
202842
236762
204420
6503
208393
222034
252435
54581
28933
14098
25449
32905
81351
62199
74186
101451
60792
151410
209934
110855
73723
59823
213879
158155
9034
9459
80261
137124
23709
213925
211919
226550
195688
24270
233053
149081
109234
93419
66592
138166
107516
209971
171071
51797
135100
245256
153247
58822
141667
226112
169677
78320
30935
128556
99405
157898
945
42596
40022
142584
1522
114871
114134
197209
2071
92187
209220
111304
185606
20812
112400
156052
93713
28471
70780
228813
136658
86957
32635
141255
58069
65242
219574
206933
56728
181909
109831
175603
224505
12783
63187
226026
245583
177320
31166
247653
132438
240385
221887
63044
124127
79288
82026
217840
107758
152805
54584
107346
239762
205148
248600
160761
15391
76105
112695
72118
3015
85456
247720
90450
216169
55907
179406
206752
96158
210571
62337
228595
58887
29224
154569
45944
226441
236594
126714
197130
252330
181297
49476
237092
131446
161007
5784
9767
237111
118478
81884
103056
66865
192535
193505
28034
111372
235841
97716
207529
191412
22983
181124
113229
170137
198623
159173
141578
43149
30887
83708
40479
212184
251114
140501
206560
157121
146284
216326
139232
9763
161140
105219
194557
216605
161654
85521
72978
142496
46167
143437
196838
69150
187492
55068
102217
131115
214240
243794
174263
245126
190433
214741
202310
186547
218172
16801
88668
109457
96057
90830
237149
2198
58979
176706
81733
220633
125157
154710
108129
171323
161078
49967
103403
93570
105034
205619
87615
182204
194414
6879
172331
247777
84550
237571
179324
47723
254372
130922
157179
95429
84682
139328
215556
143661
178964
160220
109294
49121
177860
80353
83374
83938
248249
186777
177507
216214
137396
128053
143418
194740
134931
60749
187517
82411
161251
229771
248063
23554
223623
13173
236912
53306
15431
197469
196966
57325
220619
51260
106445
143479
249542
189819
227417
242791
121596
12855
204005
121922
140907
210354
61663
138768
134033
112110
84110
40284
204812
77173
181767
173435
208276
163680
226740
86637
224079
31637
143962
189698
200826
113337
78177
195368
166086
50594
46091
150612
63449
113026
17535
67286
68380
197127
206054
65344
172167
35164
105627
121979
230266
150325
158345
46473
59005
130085
133110
28084
24653
140002
217781
225478
253338
40958
165847
164425
209482
211937
60037
135861
187893
195501
203146
1274
137628
17131
184547
54796
170224
153104
39705
8422
48429
198049
54894
107433
191065
50934
135516
215717
190935
216227
49126
189274
120116
214972
216629
74598
34840
21666
210458
85664
217167
21535
86937
217725
38666
16484
135451
208889
169587
38087
217310
218016
99066
135135
188379
35131
186068
68896
113778
239934
148053
25835
174208
13169
240806
253767
87766
138577
138363
161154
224240
218460
182689
174107
181186
84285
53521
179567
156104
86038
217653
118415
166984
61720
116480
100364
214780
47548
32190
191489
32482
180242
217323
69620
56342
66060
68387
144107
67567
69681
50262
154737
33141
95881
73844
77257
180165
245294
1825
81269
194263
82408
62614
106247
144127
179093
69541
221838
89572
219660
21258
239983
7834
101511
54604
64175
167570
240920
71212
98068
173531
239403
252804
206672
80284
189579
28929
123379
42804
148683
67579
237066
231091
248122
206244
238148
35147
138715
67917
124718
103376
89174
109701
229139
190684
27235
38314
221185
131086
109525
182183
49617
93929
179987
119219
37143
232496
148148
23453
20301
159761
91031
120297
135852
84153
71541
236931
119299
73187
49848
106947
176562
1953
79579
13632
192636
224743
169875
21752
100829
24400
203934
13377
236258
246852
132595
136332
224348
143673
159784
107579
48435
113745
227876
184286
60828
162347
166217
43058
235533
78996
150004
157095
80948
92513
33657
136514
62257
203531
158266
163085
90862
225130
39392
190050
216982
171987
71382
49262
178590
94096
156840
227024
207840
247646
19242
13669
154994
48389
56726
135527
127384
69660
155553
208331
162173
189209
89846
224429
137741
111042
250444
228602
81172
152767
26583
161085
69754
97965
210346
111274
192060
230116
83299
7832
222763
102540
139430
122757
150928
196155
3284
141243
128745
158836
94574
35918
93046
184419
123277
93717
40461
236652
185249
239563
134419
211831
145648
67103
172726
218924
178376
227717
194040
6675
235548
161803
227144
119978
147490
241003
179063
150774
127246
52808
172540
221819
206656
128516
14170
74933
85163
172560
56585
15412
157123
53934
90174
165701
121036
7900
129625
44413
235616
68666
169017
216164
93399
4093
199072
103820
245095
123135
117524
235271
38874
35064
202090
245529
26511
79190
183392
111673
114681
102908
127085
16804
156841
80189
182505
22878
88088
57130
185220
68705
243725
217167
147799
200055
221259
209802
48875
211354
77937
166398
191625
234740
64392
1647
225269
208832
198766
16593
65506
58447
119500
55521
193181
139271
135709
120686
25079
223796
40746
73229
155431
147402
35397
166161
92457
1656
120963
4262
75941
61830
33590
12566
41571
215911
132142
129770
169744
193839
146362
235249
252285
128792
153700
190466
13064
34409
174082
156072
121135
77759
229301
21567
225160
9698
50658
180547
11353
171620
47739
87293
233449
81328
217789
137950
160169
212861
12721
74913
151700
159082
173092
11917
150805
71792
65313
163868
106200
102326
182870
227335
180084
157171
111832
13175
166868
162489
56652
41152
197039
104390
128444
38419
48648
209163
176369
71747
167025
52020
146660
181655
74032
64752
56502
224836
136544
121815
251634
105674
224140
179505
195939
12155
81676
52771
143259
